,Demand KVA
0,231.0
1,240.0
2,200.0
3,200.0
4,200.0
5,200.0
6,234.0
7,241.0
8,263.0
9,200.0
10,200.0
11,253.0
12,237.0
13,261.0
14,216.0
15,200.0
16,222.0
17,221.0
18,248.0
19,301.0
20,218.0
21,226.0
22,230.0
23,264.0
24,
25,
26,
27,
28,228.0
29,266.0
30,317.0
31,283.0
32,253.0
33,271.0
34,238.0
35,281.0
36,269.0
37,316.0
38,238.0
39,238.0
40,238.0
41,238.0
42,335.0
43,336.0
44,380.0
45,322.0
46,285.0
47,315.0
48,312.0
49,293.0
50,298.0
51,285.0
52,285.0
53,285.0
54,349.0
55,388.0
56,383.0
57,294.0
58,353.0
59,359.0
60,372.0
61,365.0
62,291.0
63,291.0
64,291.0
65,291.0
66,386.0
67,439.0
68,388.0
69,337.0
70,358.0
71,357.0
72,351.0
73,354.0
74,329.0
75,329.0
